ratio 0.333333
Angle : 60.000000 	 Arg : 3.000000
Angle : 60.000000 	 Arg : 3.000000
